0.0001571178436279297
0.0001049041748046875
9.608268737792969e-05
9.512901306152344e-05
9.489059448242188e-05
9.584426879882812e-05
9.393692016601562e-05
9.608268737792969e-05
9.512901306152344e-05
9.489059448242188e-05
9.489059448242188e-05
9.512901306152344e-05
9.393692016601562e-05
9.512901306152344e-05
9.608268737792969e-05
9.393692016601562e-05
8.702278137207031e-05
8.678436279296875e-05
8.821487426757812e-05
8.893013000488281e-05
8.821487426757812e-05
8.702278137207031e-05
8.916854858398438e-05
8.702278137207031e-05
8.702278137207031e-05
8.7738037109375e-05
8.821487426757812e-05
8.797645568847656e-05
8.606910705566406e-05
8.606910705566406e-05
8.511543273925781e-05
8.702278137207031e-05
8.702278137207031e-05
8.916854858398438e-05
8.296966552734375e-05
8.392333984375e-05
8.797645568847656e-05
0.00010800361633300781
8.678436279296875e-05
0.00010704994201660156
8.20159912109375e-05
7.867813110351562e-05
7.700920104980469e-05
7.796287536621094e-05
7.891654968261719e-05
9.298324584960938e-05
9.393692016601562e-05
8.130073547363281e-05
8.702278137207031e-05
8.082389831542969e-05
8.416175842285156e-05
7.796287536621094e-05
8.296966552734375e-05
8.106231689453125e-05
8.106231689453125e-05
8.988380432128906e-05
8.0108642578125e-05
8.797645568847656e-05
7.987022399902344e-05
8.130073547363281e-05
9.179115295410156e-05
7.987022399902344e-05
7.128715515136719e-05
7.081031799316406e-05
8.296966552734375e-05
7.009506225585938e-05
7.390975952148438e-05
7.390975952148438e-05
7.486343383789062e-05
7.200241088867188e-05
7.605552673339844e-05
7.510185241699219e-05
7.486343383789062e-05
7.414817810058594e-05
7.486343383789062e-05
7.486343383789062e-05
7.510185241699219e-05
7.390975952148438e-05
7.390975952148438e-05
7.605552673339844e-05
7.605552673339844e-05
7.390975952148438e-05
7.605552673339844e-05
7.700920104980469e-05
7.390975952148438e-05
7.581710815429688e-05
7.605552673339844e-05
7.605552673339844e-05
7.510185241699219e-05
7.486343383789062e-05
7.295608520507812e-05
7.224082946777344e-05
7.581710815429688e-05
7.390975952148438e-05
7.43865966796875e-05
7.486343383789062e-05
7.43865966796875e-05
7.462501525878906e-05
7.605552673339844e-05
7.390975952148438e-05
7.414817810058594e-05
7.510185241699219e-05
7.390975952148438e-05
7.390975952148438e-05
7.510185241699219e-05
7.414817810058594e-05
7.486343383789062e-05
7.510185241699219e-05
7.390975952148438e-05
7.390975952148438e-05
7.414817810058594e-05
7.486343383789062e-05
7.510185241699219e-05
7.295608520507812e-05
7.82012939453125e-05
7.486343383789062e-05
7.700920104980469e-05
7.414817810058594e-05
7.700920104980469e-05
7.390975952148438e-05
7.510185241699219e-05
7.581710815429688e-05
7.605552673339844e-05
7.390975952148438e-05
7.390975952148438e-05
7.605552673339844e-05
7.510185241699219e-05
7.486343383789062e-05
7.605552673339844e-05
7.414817810058594e-05
7.486343383789062e-05
7.605552673339844e-05
7.510185241699219e-05
7.510185241699219e-05
7.581710815429688e-05
7.510185241699219e-05
7.390975952148438e-05
7.486343383789062e-05
7.605552673339844e-05
8.916854858398438e-05
7.009506225585938e-05
7.510185241699219e-05
8.177757263183594e-05
7.104873657226562e-05
7.390975952148438e-05
7.605552673339844e-05
7.605552673339844e-05
7.510185241699219e-05
7.295608520507812e-05
7.390975952148438e-05
7.414817810058594e-05
7.510185241699219e-05
7.605552673339844e-05
7.486343383789062e-05
7.605552673339844e-05
7.581710815429688e-05
7.605552673339844e-05
7.510185241699219e-05
7.605552673339844e-05
7.605552673339844e-05
7.605552673339844e-05
7.677078247070312e-05
7.605552673339844e-05
7.510185241699219e-05
7.891654968261719e-05
7.200241088867188e-05
7.724761962890625e-05
6.771087646484375e-05
6.914138793945312e-05
6.604194641113281e-05
6.890296936035156e-05
7.009506225585938e-05
6.67572021484375e-05
6.914138793945312e-05
6.985664367675781e-05
6.699562072753906e-05
6.818771362304688e-05
6.794929504394531e-05
6.914138793945312e-05
6.67572021484375e-05
6.914138793945312e-05
6.890296936035156e-05
6.699562072753906e-05
6.914138793945312e-05
6.985664367675781e-05
5.412101745605469e-05
6.604194641113281e-05
6.389617919921875e-05
6.4849853515625e-05
7.009506225585938e-05
7.009506225585938e-05
6.985664367675781e-05
6.29425048828125e-05
6.413459777832031e-05
6.604194641113281e-05
6.508827209472656e-05
6.914138793945312e-05
6.604194641113281e-05
6.890296936035156e-05
6.794929504394531e-05
6.818771362304688e-05
6.985664367675781e-05
6.699562072753906e-05
6.890296936035156e-05
6.4849853515625e-05
6.914138793945312e-05
6.580352783203125e-05
6.914138793945312e-05
6.890296936035156e-05
6.723403930664062e-05
6.890296936035156e-05
6.890296936035156e-05
6.818771362304688e-05
7.200241088867188e-05
6.4849853515625e-05
6.890296936035156e-05
6.723403930664062e-05
6.914138793945312e-05
6.985664367675781e-05
6.699562072753906e-05
7.104873657226562e-05
6.818771362304688e-05
6.771087646484375e-05
6.222724914550781e-05
5.125999450683594e-05
3.3855438232421875e-05
2.4080276489257812e-05
2.288818359375e-05
2.7894973754882812e-05
2.193450927734375e-05
1.7881393432617188e-05
2.3126602172851562e-05
2.193450927734375e-05
1.8835067749023438e-05
1.71661376953125e-05
2.7894973754882812e-05
2.8848648071289062e-05
2.002716064453125e-05
2.193450927734375e-05
1.71661376953125e-05
1.811981201171875e-05
1.6689300537109375e-05
1.5974044799804688e-05
1.5020370483398438e-05
2.09808349609375e-05
2.3126602172851562e-05
2.002716064453125e-05
1.8835067749023438e-05
1.811981201171875e-05
2.09808349609375e-05
1.811981201171875e-05
1.6689300537109375e-05
1.621246337890625e-05
1.9073486328125e-05
3.075599670410156e-05
1.71661376953125e-05
2.09808349609375e-05
1.8835067749023438e-05
2.002716064453125e-05
1.9073486328125e-05
1.6927719116210938e-05
1.5974044799804688e-05
2.193450927734375e-05
1.7881393432617188e-05
1.7881393432617188e-05
2.2172927856445312e-05
2.002716064453125e-05
1.811981201171875e-05
2.09808349609375e-05
1.7881393432617188e-05
1.5974044799804688e-05
2.1219253540039062e-05
2.09808349609375e-05
1.7881393432617188e-05
1.9073486328125e-05
1.6927719116210938e-05
1.5974044799804688e-05
2.09808349609375e-05
1.6927719116210938e-05
1.71661376953125e-05
1.3828277587890625e-05
1.71661376953125e-05
1.6927719116210938e-05
1.5020370483398438e-05
1.7881393432617188e-05
1.811981201171875e-05
1.71661376953125e-05
1.71661376953125e-05
1.6927719116210938e-05
1.71661376953125e-05
1.6927719116210938e-05
1.7881393432617188e-05
1.811981201171875e-05
2.288818359375e-05
2.09808349609375e-05
2.193450927734375e-05
2.002716064453125e-05
1.71661376953125e-05
1.9073486328125e-05
1.7881393432617188e-05
1.9073486328125e-05
1.4781951904296875e-05
1.5974044799804688e-05
1.811981201171875e-05
2.002716064453125e-05
1.6927719116210938e-05
1.9073486328125e-05
1.5974044799804688e-05
2.09808349609375e-05
1.7881393432617188e-05
1.71661376953125e-05
1.9073486328125e-05
2.002716064453125e-05
2.193450927734375e-05
1.5974044799804688e-05
2.09808349609375e-05
2.002716064453125e-05
1.811981201171875e-05
1.7881393432617188e-05
1.6689300537109375e-05
1.71661376953125e-05
1.7881393432617188e-05
2.3126602172851562e-05
2.002716064453125e-05
2.09808349609375e-05
2.193450927734375e-05
2.002716064453125e-05
1.7881393432617188e-05
1.52587890625e-05
2.09808349609375e-05
1.6927719116210938e-05
1.7881393432617188e-05
1.9311904907226562e-05
1.9788742065429688e-05
1.811981201171875e-05
1.7881393432617188e-05
1.71661376953125e-05
1.6927719116210938e-05
1.6927719116210938e-05
1.71661376953125e-05
1.6689300537109375e-05
1.71661376953125e-05
1.6927719116210938e-05
1.6927719116210938e-05
1.71661376953125e-05
1.6927719116210938e-05
1.6689300537109375e-05
1.71661376953125e-05
1.811981201171875e-05
1.6927719116210938e-05
1.6927719116210938e-05
1.6927719116210938e-05
1.71661376953125e-05
1.5974044799804688e-05
1.71661376953125e-05
1.5974044799804688e-05
1.3113021850585938e-05
1.6927719116210938e-05
1.6927719116210938e-05
1.71661376953125e-05
1.4781951904296875e-05
2.09808349609375e-05
1.8358230590820312e-05
1.8835067749023438e-05
2.002716064453125e-05
2.09808349609375e-05
1.6927719116210938e-05
1.621246337890625e-05
2.002716064453125e-05
1.5974044799804688e-05
2.002716064453125e-05
1.8835067749023438e-05
1.9073486328125e-05
1.6927719116210938e-05
1.811981201171875e-05
1.4781951904296875e-05
1.5974044799804688e-05
2.3126602172851562e-05
1.9073486328125e-05
1.4781951904296875e-05
2.193450927734375e-05
1.811981201171875e-05
1.71661376953125e-05
1.7881393432617188e-05
1.5974044799804688e-05
1.6927719116210938e-05
2.09808349609375e-05
2.002716064453125e-05
1.6689300537109375e-05
1.71661376953125e-05
1.9073486328125e-05
1.9073486328125e-05
2.002716064453125e-05
1.8835067749023438e-05
1.52587890625e-05
2.5987625122070312e-05
2.193450927734375e-05
1.9311904907226562e-05
1.8835067749023438e-05
1.811981201171875e-05
1.6927719116210938e-05
1.5020370483398438e-05
1.6927719116210938e-05
1.9073486328125e-05
1.9073486328125e-05
1.8835067749023438e-05
1.6927719116210938e-05
1.8835067749023438e-05
1.8358230590820312e-05
1.5735626220703125e-05
2.002716064453125e-05
1.9073486328125e-05
1.6927719116210938e-05
1.52587890625e-05
1.7881393432617188e-05
1.9073486328125e-05
1.9788742065429688e-05
1.9788742065429688e-05
1.8835067749023438e-05
1.71661376953125e-05
1.9073486328125e-05
1.5735626220703125e-05
2.09808349609375e-05
1.71661376953125e-05
1.4781951904296875e-05
1.621246337890625e-05
1.7881393432617188e-05
1.7881393432617188e-05
1.811981201171875e-05
2.002716064453125e-05
2.1219253540039062e-05
1.8835067749023438e-05
2.193450927734375e-05
1.6927719116210938e-05
1.8835067749023438e-05
1.71661376953125e-05
1.8835067749023438e-05
1.811981201171875e-05
1.8835067749023438e-05
2.193450927734375e-05
1.71661376953125e-05
2.09808349609375e-05
1.9073486328125e-05
1.6927719116210938e-05
1.52587890625e-05
1.8835067749023438e-05
1.621246337890625e-05
1.5735626220703125e-05
2.3126602172851562e-05
1.8835067749023438e-05
1.621246337890625e-05
1.4781951904296875e-05
1.621246337890625e-05
1.4781951904296875e-05
1.4066696166992188e-05
1.9073486328125e-05
1.621246337890625e-05
2.09808349609375e-05
1.9788742065429688e-05
1.6927719116210938e-05
1.7881393432617188e-05
2.002716064453125e-05
2.09808349609375e-05
1.9311904907226562e-05
1.5974044799804688e-05
1.7881393432617188e-05
1.5020370483398438e-05
2.002716064453125e-05
2.193450927734375e-05
1.811981201171875e-05
1.7881393432617188e-05
1.71661376953125e-05
1.6927719116210938e-05
1.9073486328125e-05
1.621246337890625e-05
1.6689300537109375e-05
2.002716064453125e-05
1.811981201171875e-05
1.5974044799804688e-05
2.09808349609375e-05
1.7881393432617188e-05
2.193450927734375e-05
1.71661376953125e-05
1.7881393432617188e-05
1.7881393432617188e-05
2.09808349609375e-05
1.5974044799804688e-05
2.002716064453125e-05
1.6927719116210938e-05
1.811981201171875e-05
2.0265579223632812e-05
1.6927719116210938e-05
1.5974044799804688e-05
1.4066696166992188e-05
1.621246337890625e-05
1.6927719116210938e-05
1.5735626220703125e-05
1.621246337890625e-05
1.4781951904296875e-05
1.52587890625e-05
1.5974044799804688e-05
1.5974044799804688e-05
1.6927719116210938e-05
1.9311904907226562e-05
1.4781951904296875e-05
2.09808349609375e-05
1.8835067749023438e-05
1.621246337890625e-05
1.5020370483398438e-05
1.5020370483398438e-05
1.8835067749023438e-05
1.52587890625e-05
1.9788742065429688e-05
1.9073486328125e-05
1.5974044799804688e-05
1.5974044799804688e-05
1.811981201171875e-05
1.6927719116210938e-05
1.8835067749023438e-05
2.193450927734375e-05
1.9073486328125e-05
1.8835067749023438e-05
1.9073486328125e-05
1.6927719116210938e-05
1.5020370483398438e-05
2.09808349609375e-05
1.71661376953125e-05
1.7881393432617188e-05
1.5020370483398438e-05
1.7881393432617188e-05
2.09808349609375e-05
2.09808349609375e-05
1.6927719116210938e-05
1.811981201171875e-05
1.5974044799804688e-05
1.621246337890625e-05
1.9788742065429688e-05
2.002716064453125e-05
1.811981201171875e-05
2.193450927734375e-05
2.002716064453125e-05
1.6927719116210938e-05
2.002716064453125e-05
1.71661376953125e-05
1.7881393432617188e-05
2.002716064453125e-05
1.811981201171875e-05
1.4781951904296875e-05
1.621246337890625e-05
1.4781951904296875e-05
1.621246337890625e-05
1.3828277587890625e-05
1.3113021850585938e-05
1.9073486328125e-05
1.811981201171875e-05
1.8835067749023438e-05
1.6927719116210938e-05
1.621246337890625e-05
1.7881393432617188e-05
1.5974044799804688e-05
1.71661376953125e-05
2.288818359375e-05
1.811981201171875e-05
1.5735626220703125e-05
2.2172927856445312e-05
1.71661376953125e-05
1.7881393432617188e-05
2.193450927734375e-05
2.002716064453125e-05
1.9073486328125e-05
2.193450927734375e-05
1.621246337890625e-05
1.5974044799804688e-05
1.9788742065429688e-05
1.71661376953125e-05
1.5735626220703125e-05
2.002716064453125e-05
1.5974044799804688e-05
1.5735626220703125e-05
1.7881393432617188e-05
1.9073486328125e-05
1.811981201171875e-05
1.5735626220703125e-05
1.7881393432617188e-05
1.621246337890625e-05
1.6927719116210938e-05
1.621246337890625e-05
2.193450927734375e-05
1.7881393432617188e-05
1.9073486328125e-05
1.8835067749023438e-05
1.71661376953125e-05
1.9073486328125e-05
1.9788742065429688e-05
2.09808349609375e-05
2.002716064453125e-05
1.621246337890625e-05
1.8835067749023438e-05
1.5020370483398438e-05
2.002716064453125e-05
2.288818359375e-05
1.811981201171875e-05
2.47955322265625e-05
1.52587890625e-05
1.9788742065429688e-05
2.002716064453125e-05
2.8133392333984375e-05
1.9788742065429688e-05
1.811981201171875e-05
2.09808349609375e-05
2.6702880859375e-05
1.8358230590820312e-05
1.7881393432617188e-05
1.7881393432617188e-05
2.8133392333984375e-05
1.6927719116210938e-05
1.7881393432617188e-05
2.09808349609375e-05
2.6226043701171875e-05
2.3126602172851562e-05
1.6689300537109375e-05
2.4080276489257812e-05
1.6927719116210938e-05
2.5987625122070312e-05
1.9073486328125e-05
1.8835067749023438e-05
2.09808349609375e-05
2.09808349609375e-05
2.5033950805664062e-05
1.9073486328125e-05
1.8835067749023438e-05
2.3126602172851562e-05
9.489059448242188e-05
4.982948303222656e-05
5.602836608886719e-05
5.602836608886719e-05
2.002716064453125e-05
1.9073486328125e-05
1.5020370483398438e-05
1.7881393432617188e-05
1.621246337890625e-05
1.3828277587890625e-05
2.09808349609375e-05
1.621246337890625e-05
2.09808349609375e-05
1.2874603271484375e-05
1.9788742065429688e-05
2.3126602172851562e-05
2.09808349609375e-05
1.4066696166992188e-05
1.52587890625e-05
1.2636184692382812e-05
1.621246337890625e-05
1.3113021850585938e-05
1.3828277587890625e-05
1.4066696166992188e-05
1.8835067749023438e-05
1.621246337890625e-05
1.4781951904296875e-05
1.4066696166992188e-05
1.9073486328125e-05
1.71661376953125e-05
1.5735626220703125e-05
1.621246337890625e-05
1.6927719116210938e-05
1.7881393432617188e-05
1.5020370483398438e-05
1.4066696166992188e-05
1.2159347534179688e-05
1.5735626220703125e-05
1.52587890625e-05
1.3113021850585938e-05
1.4781951904296875e-05
1.4066696166992188e-05
1.5974044799804688e-05
1.8835067749023438e-05
3.314018249511719e-05
2.7179718017578125e-05
2.47955322265625e-05
2.193450927734375e-05
4.506111145019531e-05
1.6927719116210938e-05
1.4066696166992188e-05
1.6927719116210938e-05
1.621246337890625e-05
1.6927719116210938e-05
1.4066696166992188e-05
1.4066696166992188e-05
1.9073486328125e-05
1.4781951904296875e-05
1.5020370483398438e-05
1.621246337890625e-05
1.3828277587890625e-05
1.621246337890625e-05
1.5735626220703125e-05
1.430511474609375e-05
1.6689300537109375e-05
1.52587890625e-05
1.3828277587890625e-05
2.0265579223632812e-05
1.7881393432617188e-05
1.5974044799804688e-05
1.5020370483398438e-05
1.5020370483398438e-05
1.2874603271484375e-05
1.3113021850585938e-05
1.4066696166992188e-05
1.3828277587890625e-05
1.5020370483398438e-05
1.5020370483398438e-05
1.6927719116210938e-05
1.5020370483398438e-05
1.4781951904296875e-05
1.5020370483398438e-05
1.3828277587890625e-05
1.3113021850585938e-05
1.52587890625e-05
1.4066696166992188e-05
1.621246337890625e-05
1.4781951904296875e-05
1.8835067749023438e-05
1.4066696166992188e-05
1.4066696166992188e-05
1.7881393432617188e-05
1.6927719116210938e-05
1.5020370483398438e-05
1.3113021850585938e-05
1.2874603271484375e-05
1.4066696166992188e-05
1.621246337890625e-05
1.3113021850585938e-05
1.5974044799804688e-05
1.3113021850585938e-05
1.2874603271484375e-05
1.1920928955078125e-05
1.52587890625e-05
1.4781951904296875e-05
3.504753112792969e-05
3.2901763916015625e-05
2.09808349609375e-05
1.5974044799804688e-05
2.5987625122070312e-05
3.0040740966796875e-05
2.09808349609375e-05
2.3126602172851562e-05
1.5020370483398438e-05
1.6927719116210938e-05
1.7881393432617188e-05
1.52587890625e-05
1.8835067749023438e-05
1.3113021850585938e-05
1.4781951904296875e-05
1.3113021850585938e-05
2.09808349609375e-05
1.6927719116210938e-05
1.621246337890625e-05
1.2874603271484375e-05
1.3828277587890625e-05
1.71661376953125e-05
1.5974044799804688e-05
1.4066696166992188e-05
1.4066696166992188e-05
1.3828277587890625e-05
1.2874603271484375e-05
1.621246337890625e-05
1.621246337890625e-05
1.5020370483398438e-05
1.811981201171875e-05
1.4781951904296875e-05
1.5020370483398438e-05
1.3113021850585938e-05
2.002716064453125e-05
1.4781951904296875e-05
1.4066696166992188e-05
1.4066696166992188e-05
1.3113021850585938e-05
1.52587890625e-05
1.71661376953125e-05
1.5735626220703125e-05
1.5020370483398438e-05
1.5020370483398438e-05
1.5974044799804688e-05
1.5020370483398438e-05
1.5020370483398438e-05
1.6927719116210938e-05
1.71661376953125e-05
1.5020370483398438e-05
1.4066696166992188e-05
1.3828277587890625e-05
1.4066696166992188e-05
1.5974044799804688e-05
1.71661376953125e-05
1.4781951904296875e-05
1.4066696166992188e-05
1.5020370483398438e-05
1.6927719116210938e-05
1.5020370483398438e-05
1.5020370483398438e-05
1.5020370483398438e-05
1.4781951904296875e-05
1.52587890625e-05
1.4066696166992188e-05
1.4781951904296875e-05
1.621246337890625e-05
1.5735626220703125e-05
1.6927719116210938e-05
1.5020370483398438e-05
1.4066696166992188e-05
1.4781951904296875e-05
1.7881393432617188e-05
1.3113021850585938e-05
1.71661376953125e-05
1.5735626220703125e-05
1.4066696166992188e-05
1.5020370483398438e-05
1.5020370483398438e-05
1.7881393432617188e-05
1.52587890625e-05
1.5020370483398438e-05
1.3828277587890625e-05
1.52587890625e-05
1.3828277587890625e-05
1.5974044799804688e-05
1.4781951904296875e-05
1.4066696166992188e-05
1.4066696166992188e-05
1.3113021850585938e-05
1.5735626220703125e-05
1.52587890625e-05
1.4781951904296875e-05
1.621246337890625e-05
1.6927719116210938e-05
1.6927719116210938e-05
1.5020370483398438e-05
1.6927719116210938e-05
1.811981201171875e-05
1.6927719116210938e-05
1.52587890625e-05
1.5735626220703125e-05
1.52587890625e-05
1.5735626220703125e-05
1.71661376953125e-05
1.4781951904296875e-05
1.71661376953125e-05
1.6927719116210938e-05
1.5974044799804688e-05
1.5974044799804688e-05
1.6927719116210938e-05
2.002716064453125e-05
1.52587890625e-05
1.5974044799804688e-05
1.621246337890625e-05
1.4781951904296875e-05
1.5974044799804688e-05
1.430511474609375e-05
1.8835067749023438e-05
1.7881393432617188e-05
1.6927719116210938e-05
1.52587890625e-05
1.6927719116210938e-05
1.5974044799804688e-05
1.6927719116210938e-05
1.52587890625e-05
1.5974044799804688e-05
1.5974044799804688e-05
1.7881393432617188e-05
1.3113021850585938e-05
1.5974044799804688e-05
1.5020370483398438e-05
1.5020370483398438e-05
1.5974044799804688e-05
1.8835067749023438e-05
1.621246337890625e-05
1.3828277587890625e-05
1.4066696166992188e-05
1.4066696166992188e-05
1.3828277587890625e-05
1.811981201171875e-05
1.2874603271484375e-05
1.9073486328125e-05
1.2874603271484375e-05
1.9073486328125e-05
1.4066696166992188e-05
1.621246337890625e-05
1.5735626220703125e-05
1.3113021850585938e-05
1.4066696166992188e-05
1.5974044799804688e-05
2.09808349609375e-05
1.4066696166992188e-05
2.09808349609375e-05
1.5974044799804688e-05
1.5020370483398438e-05
1.5974044799804688e-05
1.4066696166992188e-05
1.3113021850585938e-05
1.3828277587890625e-05
1.4066696166992188e-05
1.8835067749023438e-05
1.8358230590820312e-05
1.4781951904296875e-05
1.4066696166992188e-05
1.5974044799804688e-05
1.71661376953125e-05
1.5735626220703125e-05
1.621246337890625e-05
1.5974044799804688e-05
1.3113021850585938e-05
1.3828277587890625e-05
1.5020370483398438e-05
1.621246337890625e-05
1.4066696166992188e-05
1.52587890625e-05
1.2636184692382812e-05
1.52587890625e-05
1.5974044799804688e-05
1.3828277587890625e-05
1.4066696166992188e-05
1.6927719116210938e-05
1.4066696166992188e-05
1.7881393432617188e-05
1.71661376953125e-05
1.4781951904296875e-05
1.621246337890625e-05
1.7881393432617188e-05
1.5974044799804688e-05
1.5020370483398438e-05
1.52587890625e-05
1.5020370483398438e-05
1.6927719116210938e-05
1.71661376953125e-05
1.4781951904296875e-05
1.8358230590820312e-05
1.7881393432617188e-05
1.6927719116210938e-05
1.5020370483398438e-05
1.4066696166992188e-05
1.2874603271484375e-05
1.4066696166992188e-05
1.5974044799804688e-05
1.52587890625e-05
1.5735626220703125e-05
1.621246337890625e-05
1.5974044799804688e-05
1.5974044799804688e-05
1.5020370483398438e-05
1.5974044799804688e-05
1.6927719116210938e-05
1.621246337890625e-05
1.5735626220703125e-05
1.621246337890625e-05
1.5020370483398438e-05
1.3113021850585938e-05
1.8835067749023438e-05
1.621246337890625e-05
1.6927719116210938e-05
1.4781951904296875e-05
1.3113021850585938e-05
1.5974044799804688e-05
1.5974044799804688e-05
1.5020370483398438e-05
1.811981201171875e-05
1.7881393432617188e-05
1.5974044799804688e-05
1.6927719116210938e-05
1.71661376953125e-05
1.5974044799804688e-05
1.5020370483398438e-05
1.3828277587890625e-05
1.430511474609375e-05
1.4066696166992188e-05
1.5735626220703125e-05
1.71661376953125e-05
1.5020370483398438e-05
1.5974044799804688e-05
1.3828277587890625e-05
1.621246337890625e-05
1.4066696166992188e-05
1.811981201171875e-05
1.3113021850585938e-05
1.621246337890625e-05
1.5020370483398438e-05
1.5020370483398438e-05
1.6927719116210938e-05
1.621246337890625e-05
1.6927719116210938e-05
1.811981201171875e-05
1.4781951904296875e-05
1.3113021850585938e-05
1.3828277587890625e-05
1.3113021850585938e-05
1.5020370483398438e-05
1.5735626220703125e-05
1.430511474609375e-05
1.5735626220703125e-05
1.9311904907226562e-05
1.5974044799804688e-05
1.4066696166992188e-05
1.3828277587890625e-05
1.5020370483398438e-05
