0.001544952392578125
0.0003876686096191406
0.0011012554168701172
0.00030517578125
0.0002887248992919922
0.0003361701965332031
0.00033092498779296875
0.0003960132598876953
0.0011870861053466797
0.0002582073211669922
0.00028204917907714844
0.0002779960632324219
0.0002770423889160156
0.00025391578674316406
0.0002970695495605469
0.0002579689025878906
0.0002779960632324219
0.0002760887145996094
0.00022983551025390625
0.0002410411834716797
0.00024819374084472656
0.0002460479736328125
0.0002300739288330078
0.00023698806762695312
0.00023293495178222656
0.00022792816162109375
0.00023126602172851562
0.00022077560424804688
0.0002300739288330078
0.0002238750457763672
0.00022411346435546875
0.00022125244140625
0.00022482872009277344
0.00023484230041503906
0.00022125244140625
0.000225067138671875
0.00022292137145996094
0.0002288818359375
0.00022101402282714844
0.0002238750457763672
0.00024318695068359375
0.00023484230041503906
0.00022792816162109375
0.0002181529998779297
0.00022101402282714844
0.0002319812774658203
0.00022912025451660156
0.0002129077911376953
0.00023102760314941406
0.00025177001953125
0.00020623207092285156
0.0002028942108154297
0.0002009868621826172
0.00020194053649902344
0.00024819374084472656
0.0011589527130126953
0.00023698806762695312
0.0002110004425048828
0.0002110004425048828
0.0002040863037109375
0.0002040863037109375
0.00020074844360351562
0.0001990795135498047
0.00020694732666015625
0.00019097328186035156
0.00018405914306640625
0.0001850128173828125
0.00019097328186035156
0.00021409988403320312
0.000209808349609375
0.0001857280731201172
0.00018715858459472656
0.00018405914306640625
0.00018906593322753906
0.0001888275146484375
0.00019884109497070312
0.0002269744873046875
0.00018405914306640625
0.0001850128173828125
0.00018906593322753906
0.00018477439880371094
0.00018095970153808594
0.00019216537475585938
0.0002300739288330078
0.00021696090698242188
0.00018906593322753906
0.00018310546875
0.00018167495727539062
0.00019621849060058594
0.00018310546875
0.0001957416534423828
0.00018930435180664062
0.0001900196075439453
0.00021982192993164062
0.00017905235290527344
0.00018596649169921875
0.0001850128173828125
0.0001862049102783203
0.000186920166015625
0.0001780986785888672
0.000186920166015625
0.00018978118896484375
0.0002224445343017578
0.00018095970153808594
0.00015997886657714844
0.00013685226440429688
0.00013184547424316406
0.00012636184692382812
0.0001251697540283203
0.00012803077697753906
0.00012993812561035156
0.00012302398681640625
0.000125885009765625
0.00012683868408203125
0.00013017654418945312
0.0001289844512939453
0.0001289844512939453
0.00012612342834472656
0.00012683868408203125
0.00013709068298339844
0.0001270771026611328
0.00015878677368164062
0.00014019012451171875
0.0001308917999267578
0.00012922286987304688
0.00012373924255371094
0.0001220703125
0.00013303756713867188
0.00015211105346679688
0.00016689300537109375
0.00012302398681640625
0.00010514259338378906
8.177757263183594e-05
8.106231689453125e-05
8.606910705566406e-05
8.702278137207031e-05
9.799003601074219e-05
8.988380432128906e-05
9.703636169433594e-05
8.797645568847656e-05
7.700920104980469e-05
6.890296936035156e-05
8.296966552734375e-05
8.106231689453125e-05
9.298324584960938e-05
0.00011110305786132812
8.296966552734375e-05
8.082389831542969e-05
8.0108642578125e-05
9.202957153320312e-05
9.608268737792969e-05
7.891654968261719e-05
7.700920104980469e-05
0.00010013580322265625
9.393692016601562e-05
7.82012939453125e-05
9.107589721679688e-05
7.510185241699219e-05
7.295608520507812e-05
7.605552673339844e-05
7.605552673339844e-05
7.581710815429688e-05
9.012222290039062e-05
9.799003601074219e-05
8.296966552734375e-05
7.176399230957031e-05
8.392333984375e-05
7.295608520507812e-05
7.486343383789062e-05
7.414817810058594e-05
8.0108642578125e-05
8.392333984375e-05
0.0002651214599609375
9.799003601074219e-05
9.489059448242188e-05
8.20159912109375e-05
7.796287536621094e-05
7.915496826171875e-05
8.392333984375e-05
8.511543273925781e-05
9.775161743164062e-05
7.605552673339844e-05
7.319450378417969e-05
7.915496826171875e-05
8.702278137207031e-05
9.274482727050781e-05
8.511543273925781e-05
8.606910705566406e-05
8.177757263183594e-05
9.107589721679688e-05
7.510185241699219e-05
7.295608520507812e-05
7.700920104980469e-05
6.985664367675781e-05
7.390975952148438e-05
8.702278137207031e-05
7.605552673339844e-05
7.605552673339844e-05
8.177757263183594e-05
8.702278137207031e-05
7.390975952148438e-05
8.20159912109375e-05
7.700920104980469e-05
8.606910705566406e-05
7.677078247070312e-05
8.20159912109375e-05
0.0001938343048095703
8.511543273925781e-05
7.104873657226562e-05
8.20159912109375e-05
6.985664367675781e-05
7.343292236328125e-05
7.081031799316406e-05
6.604194641113281e-05
7.081031799316406e-05
8.106231689453125e-05
9.417533874511719e-05
6.771087646484375e-05
7.82012939453125e-05
7.081031799316406e-05
8.702278137207031e-05
7.033348083496094e-05
8.7738037109375e-05
7.414817810058594e-05
8.20159912109375e-05
7.724761962890625e-05
7.104873657226562e-05
0.00021696090698242188
9.489059448242188e-05
7.128715515136719e-05
8.296966552734375e-05
6.985664367675781e-05
7.295608520507812e-05
7.915496826171875e-05
8.273124694824219e-05
9.608268737792969e-05
6.914138793945312e-05
8.606910705566406e-05
6.699562072753906e-05
7.176399230957031e-05
7.033348083496094e-05
8.082389831542969e-05
7.796287536621094e-05
7.176399230957031e-05
0.0001068115234375
7.724761962890625e-05
8.487701416015625e-05
6.985664367675781e-05
7.390975952148438e-05
6.914138793945312e-05
8.869171142578125e-05
6.508827209472656e-05
7.700920104980469e-05
7.510185241699219e-05
8.082389831542969e-05
6.604194641113281e-05
9.918212890625e-05
7.510185241699219e-05
8.797645568847656e-05
8.511543273925781e-05
7.390975952148438e-05
7.200241088867188e-05
7.104873657226562e-05
7.486343383789062e-05
8.726119995117188e-05
7.772445678710938e-05
6.604194641113281e-05
7.295608520507812e-05
8.296966552734375e-05
7.224082946777344e-05
7.700920104980469e-05
8.678436279296875e-05
8.511543273925781e-05
6.4849853515625e-05
6.723403930664062e-05
6.29425048828125e-05
8.296966552734375e-05
6.914138793945312e-05
7.700920104980469e-05
7.987022399902344e-05
8.487701416015625e-05
7.414817810058594e-05
7.390975952148438e-05
7.605552673339844e-05
7.081031799316406e-05
8.702278137207031e-05
7.104873657226562e-05
8.082389831542969e-05
7.414817810058594e-05
7.176399230957031e-05
6.389617919921875e-05
6.604194641113281e-05
6.413459777832031e-05
7.295608520507812e-05
9.393692016601562e-05
8.0108642578125e-05
6.890296936035156e-05
6.914138793945312e-05
7.987022399902344e-05
6.699562072753906e-05
6.67572021484375e-05
6.508827209472656e-05
6.008148193359375e-05
7.295608520507812e-05
6.604194641113281e-05
7.796287536621094e-05
6.794929504394531e-05
6.079673767089844e-05
6.079673767089844e-05
7.915496826171875e-05
6.508827209472656e-05
7.200241088867188e-05
7.295608520507812e-05
6.699562072753906e-05
6.198883056640625e-05
5.7220458984375e-05
6.580352783203125e-05
6.508827209472656e-05
6.604194641113281e-05
6.29425048828125e-05
7.390975952148438e-05
6.699562072753906e-05
6.29425048828125e-05
6.198883056640625e-05
6.604194641113281e-05
6.198883056640625e-05
6.508827209472656e-05
6.604194641113281e-05
6.079673767089844e-05
7.724761962890625e-05
6.985664367675781e-05
6.389617919921875e-05
6.318092346191406e-05
6.699562072753906e-05
7.104873657226562e-05
6.198883056640625e-05
6.67572021484375e-05
6.723403930664062e-05
7.104873657226562e-05
6.29425048828125e-05
6.413459777832031e-05
6.198883056640625e-05
6.29425048828125e-05
7.200241088867188e-05
0.00015783309936523438
6.604194641113281e-05
7.104873657226562e-05
6.699562072753906e-05
6.508827209472656e-05
6.29425048828125e-05
7.009506225585938e-05
6.985664367675781e-05
6.103515625e-05
6.723403930664062e-05
6.198883056640625e-05
7.700920104980469e-05
7.510185241699219e-05
6.604194641113281e-05
6.103515625e-05
6.508827209472656e-05
6.794929504394531e-05
7.295608520507812e-05
6.508827209472656e-05
6.389617919921875e-05
7.915496826171875e-05
6.794929504394531e-05
6.4849853515625e-05
7.009506225585938e-05
5.6743621826171875e-05
6.699562072753906e-05
6.198883056640625e-05
6.198883056640625e-05
6.604194641113281e-05
7.200241088867188e-05
6.794929504394531e-05
6.413459777832031e-05
6.508827209472656e-05
6.794929504394531e-05
6.508827209472656e-05
6.103515625e-05
7.581710815429688e-05
7.700920104980469e-05
6.794929504394531e-05
7.987022399902344e-05
6.341934204101562e-05
6.389617919921875e-05
7.033348083496094e-05
6.794929504394531e-05
6.67572021484375e-05
6.318092346191406e-05
7.796287536621094e-05
6.604194641113281e-05
6.103515625e-05
6.604194641113281e-05
6.198883056640625e-05
6.198883056640625e-05
6.4849853515625e-05
7.200241088867188e-05
8.320808410644531e-05
8.082389831542969e-05
6.866455078125e-05
6.508827209472656e-05
6.4849853515625e-05
6.914138793945312e-05
7.605552673339844e-05
6.103515625e-05
6.508827209472656e-05
6.389617919921875e-05
6.67572021484375e-05
6.699562072753906e-05
7.700920104980469e-05
7.700920104980469e-05
6.4849853515625e-05
6.604194641113281e-05
6.914138793945312e-05
8.821487426757812e-05
7.677078247070312e-05
8.296966552734375e-05
8.0108642578125e-05
8.702278137207031e-05
7.867813110351562e-05
7.224082946777344e-05
9.870529174804688e-05
6.699562072753906e-05
8.0108642578125e-05
9.799003601074219e-05
7.915496826171875e-05
7.700920104980469e-05
7.104873657226562e-05
8.082389831542969e-05
8.320808410644531e-05
7.295608520507812e-05
6.985664367675781e-05
7.200241088867188e-05
9.894371032714844e-05
7.009506225585938e-05
7.200241088867188e-05
8.511543273925781e-05
6.771087646484375e-05
8.916854858398438e-05
8.20159912109375e-05
6.389617919921875e-05
8.511543273925781e-05
9.107589721679688e-05
7.987022399902344e-05
8.0108642578125e-05
7.414817810058594e-05
7.987022399902344e-05
7.700920104980469e-05
6.818771362304688e-05
7.390975952148438e-05
8.797645568847656e-05
7.104873657226562e-05
7.104873657226562e-05
8.296966552734375e-05
6.198883056640625e-05
8.296966552734375e-05
7.891654968261719e-05
7.605552673339844e-05
6.413459777832031e-05
7.796287536621094e-05
8.511543273925781e-05
7.82012939453125e-05
7.486343383789062e-05
6.914138793945312e-05
8.416175842285156e-05
7.176399230957031e-05
9.799003601074219e-05
6.67572021484375e-05
8.916854858398438e-05
7.390975952148438e-05
7.104873657226562e-05
8.106231689453125e-05
7.796287536621094e-05
6.914138793945312e-05
7.390975952148438e-05
7.700920104980469e-05
6.890296936035156e-05
8.487701416015625e-05
7.128715515136719e-05
7.295608520507812e-05
8.296966552734375e-05
7.605552673339844e-05
0.00010895729064941406
6.699562072753906e-05
7.200241088867188e-05
9.107589721679688e-05
8.0108642578125e-05
7.486343383789062e-05
7.581710815429688e-05
0.00010323524475097656
8.082389831542969e-05
8.0108642578125e-05
6.794929504394531e-05
8.392333984375e-05
8.0108642578125e-05
7.295608520507812e-05
8.20159912109375e-05
6.699562072753906e-05
7.414817810058594e-05
7.176399230957031e-05
6.914138793945312e-05
7.82012939453125e-05
6.198883056640625e-05
8.392333984375e-05
8.082389831542969e-05
7.796287536621094e-05
6.198883056640625e-05
7.915496826171875e-05
7.796287536621094e-05
6.794929504394531e-05
7.200241088867188e-05
8.225440979003906e-05
7.581710815429688e-05
7.891654968261719e-05
7.295608520507812e-05
8.797645568847656e-05
7.82012939453125e-05
6.771087646484375e-05
8.0108642578125e-05
8.20159912109375e-05
8.20159912109375e-05
7.295608520507812e-05
8.392333984375e-05
7.510185241699219e-05
7.200241088867188e-05
6.985664367675781e-05
6.914138793945312e-05
6.508827209472656e-05
7.891654968261719e-05
7.605552673339844e-05
6.818771362304688e-05
5.817413330078125e-05
6.985664367675781e-05
7.605552673339844e-05
6.914138793945312e-05
7.104873657226562e-05
7.200241088867188e-05
6.699562072753906e-05
8.392333984375e-05
8.0108642578125e-05
9.393692016601562e-05
8.988380432128906e-05
8.916854858398438e-05
7.295608520507812e-05
6.818771362304688e-05
7.486343383789062e-05
7.295608520507812e-05
8.416175842285156e-05
7.987022399902344e-05
6.794929504394531e-05
7.891654968261719e-05
7.319450378417969e-05
6.198883056640625e-05
7.82012939453125e-05
6.389617919921875e-05
8.296966552734375e-05
8.082389831542969e-05
7.82012939453125e-05
6.67572021484375e-05
6.508827209472656e-05
6.723403930664062e-05
8.0108642578125e-05
8.177757263183594e-05
6.198883056640625e-05
9.298324584960938e-05
8.821487426757812e-05
0.00010085105895996094
8.487701416015625e-05
9.202957153320312e-05
7.677078247070312e-05
6.341934204101562e-05
8.20159912109375e-05
7.295608520507812e-05
0.0001862049102783203
0.00014781951904296875
0.00026607513427734375
0.00011515617370605469
8.20159912109375e-05
9.393692016601562e-05
8.702278137207031e-05
0.00013494491577148438
0.0001289844512939453
0.00010180473327636719
8.702278137207031e-05
8.320808410644531e-05
9.489059448242188e-05
0.00012803077697753906
0.00022292137145996094
0.0001399517059326172
7.319450378417969e-05
7.700920104980469e-05
8.106231689453125e-05
0.00010991096496582031
7.486343383789062e-05
0.00011229515075683594
0.0002448558807373047
0.00010919570922851562
0.0001468658447265625
8.296966552734375e-05
6.818771362304688e-05
5.984306335449219e-05
8.511543273925781e-05
8.702278137207031e-05
7.390975952148438e-05
6.29425048828125e-05
8.392333984375e-05
7.510185241699219e-05
0.00010085105895996094
7.200241088867188e-05
7.581710815429688e-05
7.581710815429688e-05
7.319450378417969e-05
6.580352783203125e-05
7.486343383789062e-05
8.821487426757812e-05
6.29425048828125e-05
8.511543273925781e-05
7.295608520507812e-05
7.009506225585938e-05
7.319450378417969e-05
7.295608520507812e-05
6.794929504394531e-05
7.700920104980469e-05
6.389617919921875e-05
8.20159912109375e-05
8.511543273925781e-05
8.106231689453125e-05
7.390975952148438e-05
7.796287536621094e-05
7.915496826171875e-05
7.891654968261719e-05
7.009506225585938e-05
6.890296936035156e-05
9.298324584960938e-05
8.678436279296875e-05
8.225440979003906e-05
8.296966552734375e-05
6.914138793945312e-05
7.009506225585938e-05
6.604194641113281e-05
6.4849853515625e-05
7.700920104980469e-05
8.702278137207031e-05
7.390975952148438e-05
7.510185241699219e-05
8.177757263183594e-05
7.128715515136719e-05
6.890296936035156e-05
6.914138793945312e-05
6.771087646484375e-05
8.821487426757812e-05
8.392333984375e-05
7.486343383789062e-05
7.295608520507812e-05
8.225440979003906e-05
8.296966552734375e-05
9.179115295410156e-05
6.4849853515625e-05
7.295608520507812e-05
8.702278137207031e-05
7.82012939453125e-05
6.604194641113281e-05
8.487701416015625e-05
7.510185241699219e-05
7.295608520507812e-05
7.605552673339844e-05
8.416175842285156e-05
9.489059448242188e-05
8.511543273925781e-05
7.510185241699219e-05
7.915496826171875e-05
8.177757263183594e-05
6.389617919921875e-05
8.034706115722656e-05
6.866455078125e-05
7.009506225585938e-05
7.128715515136719e-05
9.870529174804688e-05
7.82012939453125e-05
6.890296936035156e-05
7.009506225585938e-05
6.079673767089844e-05
6.914138793945312e-05
7.295608520507812e-05
6.914138793945312e-05
7.295608520507812e-05
7.796287536621094e-05
6.794929504394531e-05
7.700920104980469e-05
7.486343383789062e-05
6.4849853515625e-05
7.295608520507812e-05
7.700920104980469e-05
7.891654968261719e-05
7.414817810058594e-05
7.605552673339844e-05
7.390975952148438e-05
7.700920104980469e-05
7.390975952148438e-05
7.724761962890625e-05
7.677078247070312e-05
6.818771362304688e-05
7.200241088867188e-05
8.916854858398438e-05
8.392333984375e-05
8.392333984375e-05
8.988380432128906e-05
8.225440979003906e-05
6.413459777832031e-05
7.486343383789062e-05
7.581710815429688e-05
6.818771362304688e-05
7.700920104980469e-05
8.296966552734375e-05
7.510185241699219e-05
7.486343383789062e-05
6.890296936035156e-05
7.319450378417969e-05
6.890296936035156e-05
7.200241088867188e-05
8.916854858398438e-05
7.796287536621094e-05
7.200241088867188e-05
7.200241088867188e-05
7.486343383789062e-05
7.82012939453125e-05
6.67572021484375e-05
7.510185241699219e-05
7.390975952148438e-05
7.605552673339844e-05
8.916854858398438e-05
8.392333984375e-05
8.511543273925781e-05
7.796287536621094e-05
7.104873657226562e-05
6.985664367675781e-05
7.510185241699219e-05
6.604194641113281e-05
8.392333984375e-05
8.0108642578125e-05
6.604194641113281e-05
8.034706115722656e-05
8.082389831542969e-05
7.104873657226562e-05
6.985664367675781e-05
6.818771362304688e-05
6.508827209472656e-05
8.392333984375e-05
6.604194641113281e-05
7.891654968261719e-05
7.605552673339844e-05
7.200241088867188e-05
7.700920104980469e-05
8.392333984375e-05
6.103515625e-05
9.202957153320312e-05
7.987022399902344e-05
7.295608520507812e-05
8.20159912109375e-05
7.462501525878906e-05
7.796287536621094e-05
7.605552673339844e-05
6.389617919921875e-05
7.510185241699219e-05
8.702278137207031e-05
8.702278137207031e-05
7.104873657226562e-05
6.890296936035156e-05
6.794929504394531e-05
6.604194641113281e-05
7.581710815429688e-05
6.318092346191406e-05
7.796287536621094e-05
8.487701416015625e-05
8.702278137207031e-05
6.723403930664062e-05
6.389617919921875e-05
6.508827209472656e-05
8.082389831542969e-05
7.104873657226562e-05
6.794929504394531e-05
7.295608520507812e-05
9.584426879882812e-05
6.866455078125e-05
9.322166442871094e-05
8.273124694824219e-05
7.891654968261719e-05
6.508827209472656e-05
7.605552673339844e-05
8.106231689453125e-05
8.893013000488281e-05
8.296966552734375e-05
7.104873657226562e-05
7.200241088867188e-05
6.198883056640625e-05
7.390975952148438e-05
8.0108642578125e-05
6.4849853515625e-05
7.867813110351562e-05
8.726119995117188e-05
7.295608520507812e-05
7.390975952148438e-05
6.508827209472656e-05
8.0108642578125e-05
7.009506225585938e-05
6.985664367675781e-05
7.891654968261719e-05
8.702278137207031e-05
8.797645568847656e-05
8.0108642578125e-05
9.083747863769531e-05
6.604194641113281e-05
7.700920104980469e-05
7.081031799316406e-05
6.604194641113281e-05
7.414817810058594e-05
6.699562072753906e-05
8.106231689453125e-05
7.700920104980469e-05
7.772445678710938e-05
6.723403930664062e-05
7.295608520507812e-05
8.20159912109375e-05
7.987022399902344e-05
6.723403930664062e-05
9.083747863769531e-05
8.225440979003906e-05
8.392333984375e-05
6.890296936035156e-05
7.104873657226562e-05
7.295608520507812e-05
7.605552673339844e-05
6.985664367675781e-05
7.605552673339844e-05
7.700920104980469e-05
7.605552673339844e-05
8.797645568847656e-05
9.107589721679688e-05
8.082389831542969e-05
5.984306335449219e-05
7.605552673339844e-05
7.486343383789062e-05
8.225440979003906e-05
9.870529174804688e-05
7.295608520507812e-05
6.794929504394531e-05
5.698204040527344e-05
7.82012939453125e-05
8.20159912109375e-05
7.796287536621094e-05
7.510185241699219e-05
6.985664367675781e-05
9.417533874511719e-05
7.677078247070312e-05
7.724761962890625e-05
7.081031799316406e-05
7.128715515136719e-05
8.296966552734375e-05
6.985664367675781e-05
7.009506225585938e-05
8.511543273925781e-05
8.702278137207031e-05
7.510185241699219e-05
7.224082946777344e-05
7.677078247070312e-05
6.318092346191406e-05
6.985664367675781e-05
9.608268737792969e-05
6.389617919921875e-05
8.869171142578125e-05
8.320808410644531e-05
7.891654968261719e-05
6.604194641113281e-05
7.510185241699219e-05
6.389617919921875e-05
7.104873657226562e-05
5.91278076171875e-05
9.202957153320312e-05
9.393692016601562e-05
6.198883056640625e-05
8.296966552734375e-05
8.535385131835938e-05
8.273124694824219e-05
7.200241088867188e-05
7.104873657226562e-05
7.104873657226562e-05
8.296966552734375e-05
0.00010085105895996094
7.390975952148438e-05
6.794929504394531e-05
6.723403930664062e-05
6.29425048828125e-05
7.414817810058594e-05
8.177757263183594e-05
6.914138793945312e-05
7.128715515136719e-05
8.082389831542969e-05
0.00010800361633300781
7.295608520507812e-05
7.295608520507812e-05
7.128715515136719e-05
6.890296936035156e-05
7.200241088867188e-05
7.295608520507812e-05
8.7738037109375e-05
6.29425048828125e-05
7.009506225585938e-05
7.724761962890625e-05
6.29425048828125e-05
7.987022399902344e-05
8.392333984375e-05
7.605552673339844e-05
7.009506225585938e-05
9.608268737792969e-05
7.82012939453125e-05
6.508827209472656e-05
6.389617919921875e-05
8.392333984375e-05
7.176399230957031e-05
6.604194641113281e-05
7.200241088867188e-05
8.320808410644531e-05
8.296966552734375e-05
7.200241088867188e-05
6.699562072753906e-05
7.987022399902344e-05
8.177757263183594e-05
7.009506225585938e-05
7.104873657226562e-05
8.0108642578125e-05
8.7738037109375e-05
9.417533874511719e-05
7.486343383789062e-05
7.319450378417969e-05
7.891654968261719e-05
8.106231689453125e-05
6.985664367675781e-05
7.295608520507812e-05
7.915496826171875e-05
0.000102996826171875
7.700920104980469e-05
8.392333984375e-05
9.393692016601562e-05
7.510185241699219e-05
7.200241088867188e-05
7.796287536621094e-05
6.890296936035156e-05
7.128715515136719e-05
8.177757263183594e-05
7.987022399902344e-05
6.914138793945312e-05
6.985664367675781e-05
6.198883056640625e-05
6.818771362304688e-05
7.796287536621094e-05
6.413459777832031e-05
7.295608520507812e-05
0.00010395050048828125
7.176399230957031e-05
6.413459777832031e-05
7.104873657226562e-05
7.295608520507812e-05
6.985664367675781e-05
7.796287536621094e-05
6.29425048828125e-05
9.822845458984375e-05
7.486343383789062e-05
8.511543273925781e-05
7.176399230957031e-05
6.818771362304688e-05
7.390975952148438e-05
6.508827209472656e-05
7.891654968261719e-05
8.20159912109375e-05
9.989738464355469e-05
7.915496826171875e-05
6.794929504394531e-05
7.200241088867188e-05
5.91278076171875e-05
7.390975952148438e-05
7.390975952148438e-05
8.511543273925781e-05
6.914138793945312e-05
9.393692016601562e-05
8.702278137207031e-05
8.20159912109375e-05
6.175041198730469e-05
8.20159912109375e-05
7.510185241699219e-05
6.198883056640625e-05
7.414817810058594e-05
8.678436279296875e-05
8.320808410644531e-05
7.796287536621094e-05
6.29425048828125e-05
8.0108642578125e-05
7.987022399902344e-05
7.700920104980469e-05
7.200241088867188e-05
